7 25 29
1 26 25
3 5 26
5 26 27
5 6 27
2 4 27
8 10 28
10 28 30
7 9 29
7 1 3
7 9 3
9 3 15
3 5 15
5 13 15
5 6 13
13 14 6
14 16 6
6 4 16
2 10 16
29 31 9
31 9 11
9 11 15
11 15 22
15 17 22
15 13 17
14 16 18
16 10 12
10 12 30
12 30 32
16 23 12
17 19 22
19 21 20
19 21 22
21 22 24
21 20 23
20 18 23
18 23 16
16 23 12
21 24 23
31 11 33
33 34 11
11 22 34
22 24 34
24 34 35
23 12 35
12 35 36
12 36 32
1 7 25
1 3 26
2 27 28
13 17 14
14 18 17
17 18 19
18 19 20
6 27 4
4 2 16
2 28 10
8 28 30
8 30 10


